10,0.53617642,0.08656119,0.06919382,0.03305204,0.02867715,0.02861552,0.02431165,0.02099583,0.01731606,0.01609488,0.01507873,0.01297947,0.01072158,0.00990947,0.00961779,0.00941583,0.0086557 ,0.00838666,0.00828007,0.00805998,0.00758402,0.00758402,0.00758402,0.00758402,0.00756407
1,0.28434558,0.0834142 ,0.07184908,0.06437234,0.0502294 ,0.05006344,0.04994757,0.04736494,0.04650102,0.03388143,0.0280498 ,0.0280498 ,0.02569746,0.02569746,0.0111753 ,0.0105567 ,0.01040243,0.01026124,0.01012366,0.0101168 ,0.00995522,0.00976407,0.00956001,0.00944807,0.00917299
1,0.33707884,0.07899536,0.05721958,0.05495071,0.04027353,0.03541361,0.02944491,0.02933647,0.02759824,0.02692831,0.02623121,0.02238163,0.02238163,0.02115273,0.02086793,0.02057572,0.01831111,0.01748473,0.01700491,0.01685864,0.0166768 ,0.01643172,0.01602953,0.01528581,0.01508635
1,0.25686914,0.08366256,0.06742767,0.05542627,0.05102098,0.04824231,0.04425531,0.03855878,0.03775278,0.03670386,0.03151565,0.02248077,0.02067976,0.02050254,0.01932458,0.01825194,0.01781921,0.01764035,0.01734549,0.0170285 ,0.01635245,0.01589403,0.01551523,0.01522511,0.01450474
1,0.26837021,0.07912623,0.07777358,0.07595047,0.04673815,0.03937541,0.0380379 ,0.03154832,0.02906169,0.02737292,0.02654456,0.02550777,0.02254145,0.02148349,0.0209478 ,0.0209478 ,0.0209478 ,0.02015203,0.01665565,0.01653178,0.01636242,0.01602679,0.01427701,0.01421022,0.01350857
1,0.18898829,0.15162853,0.10527439,0.0707789 ,0.05041886,0.03557165,0.03203383,0.02998275,0.02789418,0.02610402,0.02601317,0.02508508,0.02347418,0.02205528,0.0218194 ,0.02100117,0.01896917,0.01866518,0.01687304,0.01644289,0.01592455,0.01547471,0.0145824 ,0.01295615,0.01198823
1,0.35044283,0.07005393,0.03532434,0.03241378,0.03225955,0.03207516,0.031051  ,0.02970528,0.02776192,0.02672723,0.02602943,0.02560251,0.02452724,0.02372095,0.02346134,0.02257563,0.021877  ,0.02163588,0.02107544,0.02083358,0.02062347,0.02049099,0.02046917,0.01977562,0.0194867 
7,0.31301262,0.07749283,0.0617135 ,0.06145557,0.05447829,0.05267696,0.04569562,0.03524225,0.0248585 ,0.02260003,0.02169373,0.02057343,0.02036032,0.02010453,0.01961106,0.01828658,0.01746408,0.01515299,0.01494307,0.01494307,0.01421721,0.01384152,0.01375556,0.01323763,0.01258905
1,0.19881943,0.05206146,0.05136565,0.04698069,0.04392559,0.04379412,0.04069338,0.03944048,0.03911467,0.0350857 ,0.03458617,0.03304584,0.03295966,0.03044718,0.03023095,0.02769984,0.02603654,0.02585532,0.02577786,0.02472117,0.02427453,0.02376633,0.02318597,0.02306946,0.023062  
5,0.34473441,0.07525973,0.04314898,0.03907718,0.0330149 ,0.03269333,0.03239556,0.02857166,0.02748014,0.02743942,0.02597349,0.02565437,0.02393389,0.02291311,0.02274688,0.02193746,0.02183508,0.02119337,0.02116915,0.02057293,0.01970658,0.01816965,0.0173509 ,0.01661131,0.01641654
20,0.30305045,0.09813162,0.054415  ,0.04917765,0.0435254 ,0.04176371,0.04011938,0.03886067,0.03120865,0.02845835,0.02746999,0.02626726,0.0195952 ,0.01952377,0.0187679 ,0.01822052,0.01755893,0.01695516,0.01680571,0.01627341,0.01591611,0.01559186,0.01445848,0.01429987,0.01358497
7,0.18307071,0.09715648,0.0705211 ,0.06328033,0.05221618,0.04983724,0.04497883,0.04135378,0.03793975,0.03645805,0.02887128,0.02878316,0.02592693,0.02386179,0.02333772,0.02305265,0.02230687,0.02190031,0.01969031,0.01880755,0.01818136,0.01731761,0.01713719,0.01710271,0.0169101 
15,0.36243814,0.07480369,0.06111541,0.05056577,0.05044846,0.03443919,0.03427183,0.03370636,0.03335619,0.02847593,0.02331838,0.02229448,0.01537873,0.01513644,0.01513498,0.01503672,0.01490441,0.01464961,0.01457806,0.01449768,0.01449768,0.01423797,0.01423797,0.01423797,0.01423797
1,0.26510764,0.07554482,0.06245159,0.04579929,0.04344983,0.03367233,0.03296472,0.03296472,0.03158735,0.03065462,0.02624125,0.02585189,0.02525721,0.02493944,0.02463538,0.02405961,0.0239935 ,0.02367775,0.02222621,0.02207594,0.02188013,0.02123937,0.02111899,0.01934782,0.01925859
4,0.50041593,0.04880545,0.03558844,0.0278516 ,0.02762217,0.02487407,0.023563  ,0.02335888,0.02335888,0.02323169,0.01995055,0.01884272,0.01844268,0.01729735,0.01716805,0.01707909,0.01662664,0.01565272,0.01512295,0.01497888,0.01429596,0.01427029,0.01424153,0.01402936,0.01333112
17,0.10117127,0.09188041,0.09188041,0.0663398 ,0.04963538,0.0441659 ,0.04256869,0.04067659,0.03893661,0.0384746 ,0.03815127,0.03400727,0.03024874,0.02970271,0.02934937,0.02832838,0.02759997,0.02673215,0.02482186,0.02209686,0.02171995,0.02154195,0.02112784,0.01951744,0.01932459
1,0.30380208,0.07658161,0.05346888,0.05059053,0.04673454,0.03815565,0.03551042,0.033801  ,0.03303405,0.02884192,0.02841583,0.02822366,0.02710901,0.02463694,0.02387728,0.02209873,0.01765604,0.01749838,0.01682649,0.01612322,0.01570464,0.01570464,0.01550974,0.01550974,0.01458498
4,0.32560109,0.07765163,0.05624718,0.04988752,0.0373772 ,0.03712767,0.03319287,0.03273963,0.03204104,0.03060059,0.02808199,0.02541403,0.02338773,0.0227795 ,0.02094857,0.02029414,0.02016495,0.01762451,0.01653459,0.01646624,0.01626913,0.01574874,0.01534487,0.014477  ,0.0139976 
1,0.29916571,0.07510922,0.06177163,0.0566484 ,0.04783534,0.04090503,0.03593144,0.02930956,0.02815849,0.027735  ,0.0276649 ,0.02706143,0.02525248,0.02191227,0.02114634,0.01899458,0.01897514,0.01885115,0.01829534,0.01760762,0.01671599,0.01636104,0.01632259,0.01614455,0.01612476
-1,0.37446983,0.06004671,0.04646657,0.03720119,0.0366514 ,0.03063342,0.02850809,0.02677938,0.02582111,0.02573539,0.02412849,0.02316086,0.02285154,0.02272847,0.02241495,0.02187309,0.02006225,0.01957334,0.01953625,0.0191754 ,0.01895004,0.01869094,0.01841155,0.01826229,0.01786745
7,0.33849064,0.12588408,0.10730124,0.053566  ,0.05147901,0.05079639,0.02318858,0.02065444,0.01818541,0.01756423,0.0157766 ,0.01570212,0.01475831,0.01386931,0.01377279,0.01350937,0.01313029,0.01281511,0.01270026,0.01231066,0.01174458,0.01114873,0.01113689,0.01033145,0.01018351
1,0.34040817,0.09437971,0.08795249,0.06306534,0.04139097,0.0275855 ,0.02688179,0.02681346,0.02301973,0.02063063,0.02001856,0.01962173,0.01911866,0.01888505,0.01865287,0.01711466,0.01691428,0.01659782,0.01555265,0.01500729,0.01441751,0.01418734,0.01418499,0.01383452,0.01376427
8,0.56211584,0.06811674,0.05257561,0.03587934,0.02464561,0.02459026,0.02446927,0.02420939,0.01708182,0.01683066,0.01588556,0.01523209,0.01353321,0.00993812,0.00982526,0.00977893,0.00977134,0.00907709,0.00906733,0.00838448,0.00811193,0.00810283,0.00799908,0.00798759,0.00679063
1,0.1943761 ,0.07594903,0.07431562,0.07015375,0.06293412,0.04767098,0.03774041,0.03556896,0.03406719,0.0317728 ,0.0308283 ,0.0243224 ,0.02410981,0.02280492,0.02229557,0.02228058,0.0221718 ,0.02145084,0.02127203,0.02105963,0.02101278,0.02095475,0.02046227,0.02022626,0.02019909
1,0.26012186,0.10512264,0.09405812,0.06786545,0.05077177,0.03438067,0.03225433,0.03219993,0.03153482,0.02319673,0.02245732,0.02210707,0.0211641 ,0.02110985,0.02007181,0.01900145,0.01888658,0.01796652,0.0165702 ,0.01602348,0.01565669,0.01506872,0.01423417,0.01412888,0.01404682
17,0.47498747,0.05291633,0.04320696,0.03248162,0.02891272,0.02859368,0.02851937,0.02339876,0.02336751,0.02331184,0.02030902,0.01870433,0.01759005,0.01654166,0.01642696,0.01641031,0.01639184,0.01482283,0.01482283,0.01474326,0.01470813,0.01470813,0.01470813,0.01470813,0.01470813
1,0.19789718,0.07019145,0.06759971,0.06510035,0.06495677,0.05403832,0.04235491,0.03885855,0.03486192,0.03380999,0.03201153,0.02617503,0.02611112,0.02457203,0.02456759,0.02419072,0.02368304,0.02149897,0.02114584,0.0197836 ,0.01926702,0.01873044,0.0176279 ,0.01552394,0.01544208
6,0.36201379,0.06222513,0.05339144,0.04195956,0.03666992,0.03553289,0.02926321,0.02806913,0.02668894,0.02585285,0.0234074 ,0.02321968,0.02240027,0.02070934,0.02070934,0.02061802,0.01994006,0.01931781,0.01899201,0.01871213,0.01861886,0.01854234,0.01840419,0.01792197,0.01681974
13,0.25327774,0.08283395,0.05574602,0.04414039,0.04209781,0.04037099,0.04035599,0.03635576,0.03555231,0.033986  ,0.02964212,0.0268693 ,0.02543444,0.02450149,0.02394878,0.02311019,0.02231964,0.02171594,0.02132412,0.02083601,0.02038272,0.01955438,0.01940039,0.01821232,0.01803122
4,0.35189204,0.07212984,0.06851057,0.05407647,0.04598591,0.04576152,0.02652957,0.02543371,0.02468535,0.02387381,0.02375918,0.02305779,0.02120408,0.01885047,0.01832471,0.01757495,0.01688976,0.01687407,0.01663645,0.0162722 ,0.01544981,0.01476028,0.0145007 ,0.01363792,0.01332884
1,0.13077   ,0.06459955,0.06016691,0.05602066,0.0466913 ,0.03900055,0.03894972,0.03547711,0.03525589,0.03487104,0.03468367,0.03453407,0.03435306,0.0339016 ,0.03336336,0.03185703,0.03068276,0.03059881,0.03056338,0.03026719,0.02856626,0.02685096,0.0266659 ,0.02584027,0.02546896
18,0.27463061,0.08055369,0.07750814,0.06657244,0.06273157,0.05538621,0.04074856,0.03062457,0.02504714,0.02235217,0.02223488,0.02148749,0.02069126,0.02036803,0.02035232,0.01822197,0.0175696 ,0.01733995,0.01548965,0.01546286,0.01525571,0.0152043 ,0.01494471,0.0147426 ,0.01447958
1,0.18829327,0.16353696,0.05435615,0.04471036,0.04463166,0.04376707,0.04330403,0.03977785,0.03731925,0.03317463,0.03264155,0.03256666,0.02787899,0.02247979,0.02101256,0.02101256,0.01951547,0.0192904 ,0.01803931,0.0178827 ,0.0162492 ,0.01620992,0.01526074,0.01501742,0.01207148
1,0.23815509,0.08399516,0.0525706 ,0.04431815,0.0405694 ,0.03813387,0.038128  ,0.03133119,0.03060205,0.02867708,0.02749234,0.0264155 ,0.02605638,0.02602016,0.02596908,0.0259254 ,0.02467224,0.02462053,0.0245432 ,0.02428214,0.02415027,0.02375511,0.02357022,0.02302347,0.02302338
2,0.35413598,0.08720243,0.06998937,0.05311458,0.03902924,0.03622421,0.03382337,0.02925892,0.02892842,0.02592286,0.02398149,0.02273815,0.02140572,0.02005204,0.01845001,0.01793586,0.01708373,0.01582248,0.01504775,0.01403083,0.01296143,0.01143715,0.01054352,0.01046705,0.01041343
1,0.23669692,0.08203412,0.04920086,0.04303295,0.04280015,0.04229629,0.03527946,0.034196  ,0.03393355,0.03035889,0.02901439,0.02861976,0.02818683,0.0277598 ,0.02616123,0.02608046,0.02564925,0.02507285,0.02304265,0.02261596,0.02230696,0.02229548,0.02195022,0.02131792,0.02009705
-1,0.36589637,0.06616418,0.06236796,0.05681556,0.04007929,0.03662361,0.03497844,0.03326376,0.02999332,0.02784348,0.02614701,0.0225613 ,0.02123469,0.01756053,0.0163954 ,0.01636054,0.01636054,0.01577055,0.01476195,0.01469912,0.01373661,0.01310053,0.01306058,0.01211233,0.01211233
1,0.41485305,0.12042303,0.06172644,0.05792989,0.02203004,0.02190776,0.02190776,0.01996966,0.01887748,0.01831434,0.01704835,0.0170396 ,0.01657589,0.01637194,0.01566339,0.01543093,0.01510758,0.01382226,0.01382226,0.01382226,0.01382226,0.01382226,0.01373853,0.01315703,0.012816  
-1,0.18890079,0.08442768,0.06310238,0.05240664,0.04671685,0.04435643,0.04387898,0.04031409,0.03821661,0.03666611,0.03411805,0.03305479,0.03018432,0.02727661,0.02520901,0.02256942,0.02237699,0.02237699,0.02237699,0.02144057,0.02071564,0.02012606,0.01984261,0.01972557,0.0196198 
1,0.17020581,0.06016035,0.05841691,0.05291624,0.04736988,0.04045766,0.03898267,0.03860058,0.03680614,0.03602943,0.03564591,0.03452979,0.03350813,0.0313434 ,0.03012336,0.02865848,0.02697502,0.02681311,0.02600299,0.0255777 ,0.02528941,0.02442773,0.02403008,0.02368689,0.02344232
1,0.36289963,0.08423284,0.04243301,0.03695341,0.03147751,0.02998797,0.02680417,0.02679582,0.02643334,0.02594838,0.02503824,0.0244304 ,0.0243612 ,0.02355641,0.02299886,0.02288829,0.01988426,0.01970659,0.01935085,0.0182433 ,0.01810077,0.01768338,0.01681195,0.01656837,0.01641107
4,0.47370741,0.0752133 ,0.04382376,0.03471923,0.02546868,0.02430405,0.02283953,0.02089134,0.02002526,0.02000118,0.01982785,0.01963787,0.01926333,0.018283  ,0.01764773,0.01684597,0.01599698,0.01533415,0.01469781,0.01418315,0.01392756,0.01389998,0.01334846,0.01311617,0.01299622
1,0.66741446,0.02945842,0.02712401,0.02164232,0.01911005,0.01751799,0.01664859,0.01664855,0.0158417 ,0.01390917,0.01298668,0.01298664,0.01298664,0.01286437,0.01171354,0.01171349,0.00943717,0.00937779,0.00929404,0.00915087,0.00915083,0.00906293,0.00906282,0.00746848,0.00742845
1,0.45298525,0.05825802,0.0569174 ,0.04873274,0.0455588 ,0.04174616,0.04048697,0.0376269 ,0.03142502,0.02568949,0.02283779,0.02087308,0.01657238,0.01554033,0.01454349,0.01358308,0.01316945,0.00607865,0.00575724,0.00569069,0.00538049,0.00525367,0.00518986,0.00517243,0.00493063
2,0.22731637,0.07091589,0.05946328,0.05234181,0.04934138,0.04162729,0.03981817,0.03671954,0.0347752 ,0.03400094,0.0332596 ,0.03172765,0.0281995 ,0.02736359,0.02547658,0.02502644,0.02274112,0.02236515,0.02223515,0.02130281,0.02059628,0.02053898,0.01967241,0.01692767,0.01624721
-1,0.49967496,0.04136135,0.04114291,0.02969459,0.02906551,0.02820572,0.02780786,0.02591805,0.02154585,0.02152207,0.02089278,0.02063401,0.01931599,0.01880662,0.01862869,0.01538669,0.01520655,0.01509741,0.01483804,0.01420957,0.01275421,0.01218703,0.01213184,0.01200102,0.01197066
1,0.2688371 ,0.07735171,0.07630782,0.0736286 ,0.04565437,0.03806178,0.03676032,0.03580988,0.03136004,0.02746314,0.02653172,0.0262862 ,0.02513763,0.02426647,0.021168  ,0.02018597,0.01979833,0.01745251,0.01653123,0.01629519,0.01554973,0.01516351,0.01514889,0.01511902,0.01413085
12,0.24105922,0.14795812,0.08726765,0.07777233,0.0426067 ,0.03377866,0.03138822,0.03058765,0.03038055,0.02930677,0.02571498,0.02362394,0.02206499,0.02111404,0.0176443 ,0.01662831,0.01542083,0.01528497,0.01481412,0.01341721,0.01332841,0.01290074,0.01237213,0.0120514 ,0.01151374
3,0.30947743,0.05471236,0.05466927,0.04919446,0.04400638,0.03321388,0.03257708,0.03027348,0.02995681,0.02879136,0.02822736,0.02762075,0.02437509,0.02413506,0.02299524,0.02290637,0.02263045,0.02260067,0.0218616 ,0.02008692,0.01999523,0.0196296 ,0.0189811 ,0.01877427,0.01830779
2,0.16987568,0.05594142,0.04780819,0.04708166,0.04399537,0.04384731,0.0426506 ,0.04062274,0.04062274,0.03646554,0.03465118,0.03327388,0.03263417,0.0306063 ,0.0306063 ,0.0306063 ,0.0306063 ,0.0306063 ,0.03004931,0.02589211,0.02589211,0.02589211,0.02325745,0.02325745,0.02325745
7,0.28013109,0.15649732,0.0466372 ,0.04489642,0.043881  ,0.03215901,0.02851281,0.02531808,0.02439006,0.02344111,0.02235107,0.02180675,0.0204414 ,0.02028089,0.02013863,0.01968122,0.0193389 ,0.0193389 ,0.01913111,0.01897771,0.01885606,0.01858085,0.01854437,0.01834763,0.01832042
10,0.62565017,0.05250371,0.02491972,0.0233045 ,0.02312098,0.0212164 ,0.01826716,0.0162362 ,0.01438649,0.01401887,0.0136106 ,0.01344916,0.01341816,0.01334153,0.01263527,0.01263453,0.01201525,0.01048991,0.01046494,0.01035399,0.00922319,0.00918969,0.00860023,0.00848211,0.00846721
1,0.4821838 ,0.03894966,0.03767074,0.03502712,0.02599008,0.02497655,0.02455424,0.02446684,0.02250084,0.02215518,0.02172232,0.02131422,0.01924772,0.01898334,0.01881928,0.01835259,0.01811336,0.01758432,0.01687348,0.01611938,0.01576806,0.01504657,0.01487267,0.01466495,0.01404269
-1,0.41622678,0.05070085,0.0429087 ,0.0324773 ,0.0300507 ,0.02937971,0.02935822,0.02923384,0.02680752,0.02607524,0.02433569,0.02209797,0.02178295,0.02152564,0.02146647,0.02069488,0.0189666 ,0.01894356,0.01854086,0.01801366,0.01664514,0.01659877,0.0162369 ,0.0160359 ,0.01489613
5,0.22838587,0.08939248,0.05590956,0.04579137,0.04520889,0.03955736,0.03901318,0.03257447,0.03226384,0.0313362 ,0.03081843,0.02871204,0.0285147 ,0.02681778,0.0264228 ,0.02615985,0.02521326,0.0232043 ,0.02226338,0.02195358,0.02113247,0.02106821,0.02068048,0.01904513,0.01856036
2,0.21454311,0.08877169,0.05911141,0.05031016,0.04350578,0.04165855,0.04082425,0.03819891,0.03390057,0.03158704,0.03025724,0.03025724,0.02946042,0.02931005,0.02861844,0.02855117,0.02657598,0.02628362,0.02184582,0.0211748 ,0.02102809,0.01929127,0.01737458,0.01389854,0.01366128
1,0.35908395,0.14182751,0.10244854,0.06263186,0.04388973,0.02489835,0.02216135,0.02194487,0.01766758,0.01727985,0.01721309,0.01677719,0.01420864,0.01410357,0.01315792,0.01303895,0.01208066,0.01186418,0.01157613,0.01152843,0.01133879,0.01091045,0.00956412,0.00940214,0.00940214
1,0.51610189,0.03798357,0.03591943,0.03453055,0.02772641,0.0267829 ,0.0267829 ,0.01935281,0.01797473,0.01797473,0.01722174,0.01700037,0.01700037,0.01700037,0.01700037,0.01700037,0.01700037,0.01700037,0.01700037,0.01601517,0.01601517,0.01548405,0.01312017,0.01250542,0.01250542
1,0.3121418 ,0.11939022,0.07260994,0.03421674,0.03230622,0.03213301,0.02906698,0.0274514 ,0.02699818,0.02408058,0.02381709,0.02299962,0.02185685,0.02079145,0.02066949,0.01999585,0.01995382,0.01968169,0.01814724,0.01810423,0.01800612,0.01757926,0.01635595,0.01610501,0.01554127
1,0.38502552,0.06406722,0.04565636,0.03828241,0.03726981,0.03114812,0.0279289 ,0.02700109,0.02671192,0.02518385,0.02482478,0.02243768,0.0220781 ,0.02097937,0.01995793,0.01966798,0.01954516,0.01933432,0.01834631,0.01831339,0.01795709,0.01767213,0.0173518 ,0.01695282,0.01630594
2,0.47039653,0.08203097,0.03599008,0.02841811,0.02736406,0.02697728,0.02367657,0.02326926,0.02278915,0.0214957 ,0.02065151,0.02016748,0.01968679,0.01889501,0.01750747,0.01623794,0.01569183,0.01548947,0.01449211,0.01403382,0.01392286,0.01288485,0.01287718,0.0126353 ,0.01241868
4,0.45845114,0.05296165,0.05236716,0.04193844,0.04189969,0.03415563,0.03229687,0.02480847,0.02217141,0.01898155,0.01883452,0.01863468,0.01791245,0.01706304,0.01577363,0.01452653,0.01405488,0.0137084 ,0.01349459,0.0134779 ,0.01331941,0.01290656,0.01215421,0.01215203,0.01195516
1,0.41968493,0.07651833,0.06545253,0.06064377,0.03663311,0.0322943 ,0.02643295,0.02261229,0.02153254,0.02079365,0.01881222,0.01792886,0.01771853,0.01609197,0.01561387,0.01550049,0.01501662,0.01412571,0.01359812,0.01345446,0.01310865,0.01203491,0.01168678,0.0114722 ,0.01123819
2,0.26851642,0.08977811,0.0702447 ,0.05432842,0.04848727,0.0463141 ,0.03814779,0.03439068,0.03264766,0.03230432,0.03142204,0.02899481,0.02307563,0.02289737,0.0202701 ,0.01881897,0.01859122,0.01649679,0.0160558 ,0.0159864 ,0.0157557 ,0.01421307,0.01421307,0.01421307,0.0138365 
5,0.17460695,0.06982646,0.06629862,0.05309165,0.05247954,0.05036867,0.04858357,0.04543419,0.04220556,0.04082866,0.0366149 ,0.03273293,0.03229625,0.03181409,0.02825382,0.02753636,0.02222394,0.02107435,0.01964918,0.01890843,0.01888957,0.01822921,0.01713909,0.01661749,0.01429653
20,0.3208142 ,0.07376363,0.06182245,0.05582694,0.04386871,0.04231677,0.03563865,0.0288596 ,0.02555111,0.02455749,0.02403955,0.02403955,0.021782  ,0.02084073,0.02045178,0.02011132,0.0198498 ,0.01846764,0.01805581,0.0177943 ,0.01680292,0.01672972,0.01672972,0.01575826,0.01552733
1,0.26661181,0.08179491,0.07301989,0.06041258,0.05859806,0.03974793,0.03224336,0.03117282,0.02944374,0.02826564,0.02817115,0.02501867,0.02248775,0.02198593,0.02110839,0.02060867,0.020077  ,0.0192268 ,0.01832237,0.01815122,0.01814066,0.01694321,0.0161951 ,0.01615607,0.01609627
1,0.41781044,0.10971308,0.04934188,0.04257526,0.03447149,0.02920785,0.02552824,0.02242726,0.02096194,0.02089443,0.01800591,0.01757983,0.01756497,0.01567626,0.01539104,0.01523099,0.01506036,0.01493081,0.01488651,0.0147287 ,0.01459547,0.01394899,0.01331644,0.01310508,0.01304676
4,0.25517254,0.08874666,0.06372418,0.05004042,0.04159247,0.04053877,0.03912581,0.03230254,0.03024669,0.02768026,0.02708749,0.02597025,0.02551244,0.0253264 ,0.02477584,0.02375579,0.02288306,0.02266298,0.02131488,0.02002111,0.01979161,0.01889742,0.0187875 ,0.01866901,0.01537387
4,0.26883138,0.04814294,0.04731622,0.04724897,0.03835557,0.03495619,0.03383774,0.03340807,0.03168741,0.03040657,0.03014396,0.02904639,0.02751002,0.02705386,0.02700416,0.02687394,0.02681675,0.02601945,0.02439768,0.02400048,0.02375812,0.02354545,0.02333803,0.02326413,0.02303653
24,0.45251014,0.06129775,0.04768805,0.03432091,0.03120271,0.03004436,0.02859459,0.02742272,0.02736282,0.02508418,0.02492855,0.01981242,0.0194027 ,0.01717363,0.01542661,0.01526329,0.01475098,0.01470976,0.014115  ,0.01406885,0.01334073,0.01327146,0.01303081,0.01288694,0.01229005
-1,0.46658599,0.11006686,0.04217593,0.03704586,0.03690629,0.02076112,0.02000707,0.01825935,0.01825935,0.01672792,0.01670735,0.01669478,0.0165377 ,0.01644952,0.01534722,0.01510208,0.01486354,0.01450724,0.0142278 ,0.01324586,0.012921  ,0.01283136,0.01161489,0.01113284,0.01102109
1,0.46148515,0.0868063 ,0.05973802,0.03364173,0.02612179,0.02562054,0.02559178,0.02488501,0.02061782,0.02028101,0.01885872,0.01834018,0.01824179,0.01762151,0.01393794,0.01288707,0.01288218,0.01284148,0.01282465,0.01279589,0.01279589,0.01279589,0.01279589,0.01279589,0.01279589
1,0.12443417,0.08781267,0.08448051,0.0683853 ,0.06351437,0.06343063,0.04060312,0.03829454,0.032637  ,0.03112123,0.02982988,0.02782776,0.02707076,0.02678878,0.025941  ,0.0255718 ,0.02547099,0.023857  ,0.02285216,0.02255839,0.02173418,0.0216991 ,0.02164004,0.02141605,0.02102855
-1,0.32669857,0.10593317,0.10247956,0.10038368,0.03069049,0.02709954,0.02658617,0.02648296,0.0256127 ,0.02171618,0.01749798,0.01586347,0.01578444,0.01562936,0.0148279 ,0.01405427,0.01395937,0.01385774,0.01302629,0.01288382,0.01207529,0.01188313,0.01179364,0.01169283,0.01148745
1,0.28654427,0.07275228,0.05313568,0.04906856,0.04899722,0.04149026,0.0355533 ,0.03402817,0.029522  ,0.02846701,0.02799791,0.02794651,0.02738355,0.02711634,0.02567026,0.02293394,0.02151471,0.01962532,0.01906901,0.01836651,0.01807596,0.01706844,0.01635749,0.01634441,0.01497088
-1,0.24750648,0.05251633,0.04858833,0.04717721,0.0468218 ,0.03851844,0.03695822,0.03438042,0.03086385,0.03086385,0.03086385,0.030804  ,0.02935282,0.02892346,0.0282908 ,0.02765642,0.02764024,0.02717559,0.02528272,0.02368047,0.02290109,0.02170864,0.02124322,0.02033438,0.01994738
3,0.39213239,0.06334402,0.06233066,0.05015341,0.03608218,0.0348515 ,0.03021388,0.02995049,0.0266863 ,0.02665783,0.02636629,0.02159707,0.02087614,0.01945218,0.01629667,0.0161531 ,0.0148727 ,0.01432912,0.01395849,0.01395849,0.01395849,0.01395849,0.01395849,0.01395849,0.01390313
6,0.32362372,0.06042131,0.06042131,0.06042131,0.06042131,0.05604206,0.03832503,0.02973649,0.02902776,0.02391497,0.02383139,0.02311093,0.02265286,0.02265286,0.02265286,0.02161549,0.01837827,0.01548892,0.014343  ,0.01348816,0.01215499,0.01202222,0.01190897,0.01168443,0.01165935
2,0.40448969,0.081349  ,0.05602838,0.04609421,0.03470889,0.03387017,0.03245829,0.02761587,0.02514203,0.02433376,0.02096573,0.01752429,0.0169326 ,0.0169326 ,0.0169326 ,0.0169326 ,0.01568283,0.01493334,0.01486437,0.01457585,0.01457585,0.01410236,0.01364828,0.01272593,0.01258049
18,0.31678732,0.06315374,0.06183689,0.04151824,0.03877397,0.0347034 ,0.03366355,0.03290543,0.03127859,0.02903609,0.02850765,0.0284563 ,0.02509834,0.02471474,0.02405452,0.02315962,0.02143637,0.02132517,0.01930711,0.01916722,0.01868323,0.0160581 ,0.01586666,0.01533377,0.01517397
10,0.33848479,0.06434183,0.04263584,0.0398493 ,0.03946332,0.03260026,0.03129755,0.02953957,0.02752758,0.02638328,0.02617466,0.02602914,0.02569317,0.02435616,0.0242    ,0.02301788,0.0222616 ,0.02222149,0.02083842,0.02030095,0.01938549,0.01930043,0.01835669,0.01788969,0.01785092
1,0.15068204,0.06189169,0.05519482,0.04630219,0.04272433,0.04267713,0.03989275,0.0365512 ,0.03579971,0.03461678,0.03444005,0.03416848,0.03406517,0.03239963,0.03194299,0.03018421,0.03013734,0.03004581,0.02894407,0.02883804,0.02858797,0.02821336,0.02766977,0.02719811,0.02683235
-1,0.40225683,0.05373711,0.0444386 ,0.0395978 ,0.02974436,0.02830033,0.02797475,0.02665481,0.0261359 ,0.02588204,0.02503557,0.0245661 ,0.02216594,0.02195115,0.02192747,0.01973971,0.0193175 ,0.01886187,0.01798893,0.01765035,0.01753568,0.01737625,0.01727033,0.01720686,0.01668378
2,0.4248695 ,0.08623878,0.0591045 ,0.04538705,0.03471972,0.02963275,0.02956832,0.02947901,0.02497857,0.02343311,0.01768035,0.01631061,0.01630071,0.01605253,0.01518095,0.01438626,0.01432069,0.01376664,0.01374111,0.01349165,0.01279329,0.01274772,0.01206756,0.01193685,0.01181178
-1,0.30009863,0.06552521,0.05213107,0.04181779,0.03655757,0.03392572,0.03334312,0.03045664,0.02989446,0.02974189,0.02768579,0.02719844,0.02711525,0.02653924,0.02590388,0.0235085 ,0.02256674,0.02211661,0.02210306,0.02062518,0.0205563 ,0.02048875,0.02046912,0.02015693,0.01947411
1,0.14761559,0.07764027,0.06736009,0.05924507,0.05513748,0.04883807,0.04516907,0.03589462,0.03523953,0.03356816,0.03274771,0.03142475,0.03123713,0.03117578,0.03100895,0.0286872 ,0.02758426,0.02472448,0.02404179,0.02372717,0.02262946,0.02211651,0.02146515,0.02086258,0.02085917
1,0.25673892,0.08941283,0.07276234,0.07247396,0.06329094,0.0430176 ,0.03663508,0.0330766 ,0.03205631,0.03172484,0.02383057,0.02204854,0.02153547,0.02108017,0.0190033 ,0.01834402,0.01834402,0.01834402,0.01770184,0.01697818,0.01598448,0.01510191,0.01493372,0.01301524,0.01256511
2,0.20966725,0.07434276,0.07022386,0.05305314,0.05041973,0.04628099,0.03987846,0.03744362,0.03544829,0.03062793,0.03040681,0.02743683,0.02501605,0.02415313,0.02381737,0.02360521,0.02357698,0.02355142,0.02244258,0.02238173,0.02222068,0.0219452 ,0.0210622 ,0.02074102,0.02025677
11,0.23869748,0.10261918,0.07006279,0.06284795,0.0509181 ,0.04628237,0.04461314,0.03988334,0.03814983,0.03676046,0.03245006,0.0247299 ,0.02209619,0.02165318,0.02068767,0.01908464,0.01884021,0.01781227,0.0165565 ,0.01337031,0.01319183,0.0127608 ,0.01262117,0.01169571,0.01161491
6,0.35300169,0.06815953,0.04088832,0.04088832,0.03968228,0.03071077,0.03034442,0.03000514,0.0289253 ,0.02769245,0.02614883,0.02550926,0.02344041,0.02230864,0.02170063,0.02098912,0.02034924,0.02008721,0.01970943,0.0196976 ,0.01829479,0.01817711,0.01799838,0.01791629,0.01737486
6,0.26774342,0.12121563,0.08540746,0.03738159,0.03460884,0.03163735,0.03113272,0.02917603,0.02835971,0.02835971,0.02728949,0.02713684,0.02482798,0.02217697,0.02207993,0.02077628,0.01939835,0.01901724,0.01864994,0.01835205,0.01762213,0.01741188,0.01717961,0.01704766,0.01601118
6,0.56091615,0.03992572,0.03029483,0.02885385,0.02483847,0.02483847,0.02191393,0.02176319,0.02135199,0.01779188,0.01655898,0.0164766 ,0.01539491,0.01411972,0.01411972,0.01409973,0.01379608,0.01369119,0.01350327,0.01350327,0.01339377,0.012806  ,0.012216  ,0.01212923,0.01170302
1,0.73082781,0.02844142,0.02502603,0.01858416,0.01579018,0.01578999,0.01578967,0.01578967,0.01578967,0.01578967,0.01578967,0.00966622,0.00784486,0.00722346,0.0064885 ,0.0064885 ,0.00648818,0.00558946,0.00558924,0.00558866,0.00558866,0.00558866,0.00558833,0.00442995,0.0044294 
2,0.40245483,0.13874594,0.05265799,0.05135292,0.04394306,0.03972262,0.03067011,0.0271357 ,0.02155877,0.01829304,0.01356749,0.01260207,0.01154162,0.01154162,0.01154162,0.01154162,0.01154162,0.01154162,0.01154162,0.01141166,0.01141166,0.01113186,0.01113186,0.01110598,0.01031104
1,0.32386119,0.08114017,0.04101569,0.04012558,0.03946327,0.03267841,0.03216025,0.03167889,0.03011378,0.0297087 ,0.02780256,0.02586495,0.02310677,0.02276107,0.02264448,0.02201183,0.02133294,0.02123303,0.02032611,0.02014076,0.01913716,0.01899048,0.01822758,0.01811785,0.0163565 
6,0.27425967,0.063964  ,0.05187775,0.05032865,0.04559618,0.0435522 ,0.04249628,0.04121837,0.03515709,0.03349908,0.0315806 ,0.02716039,0.02250642,0.02224018,0.02156153,0.02155911,0.02155796,0.02155796,0.02149905,0.01902568,0.01846376,0.01833232,0.01737205,0.01736908,0.01626465
1,0.33067585,0.12950487,0.05298873,0.04947381,0.04498933,0.04419286,0.03537333,0.03499688,0.0272952 ,0.02307727,0.0185211 ,0.01851236,0.01758674,0.01698694,0.01615249,0.01574058,0.01531341,0.01480204,0.01480204,0.01480204,0.01423176,0.01330234,0.0131306 ,0.01226516,0.01128226
1,0.23657044,0.06458087,0.05271631,0.05162041,0.04494444,0.04164955,0.03817595,0.03305193,0.02853967,0.02813503,0.02813503,0.02808727,0.02771214,0.02675251,0.02645576,0.025815  ,0.02544585,0.02536942,0.02536912,0.02521966,0.0236341 ,0.02351989,0.02302679,0.02285225,0.02262063
3,0.39834255,0.04304458,0.04240992,0.04128131,0.04060112,0.03337147,0.02976849,0.02936064,0.02692088,0.02628983,0.02469498,0.02418848,0.02168669,0.02142378,0.02069704,0.0199605 ,0.01976934,0.01915327,0.01895442,0.01795781,0.0171874 ,0.01657825,0.01581967,0.01556594,0.01497165
2,0.27840292,0.06449676,0.05898274,0.05280064,0.04970482,0.04884472,0.04884472,0.03659609,0.03310964,0.03100636,0.02903545,0.02415307,0.02375179,0.02170217,0.02164796,0.02003355,0.01910934,0.0188089 ,0.01752428,0.0173788 ,0.01735603,0.01727673,0.0171374 ,0.01631354,0.01598158
6,0.35869765,0.06892338,0.06414946,0.05738009,0.04422273,0.0421214 ,0.04013321,0.03451054,0.0323995 ,0.02725987,0.02126484,0.02050144,0.01834304,0.01805033,0.01524855,0.01504598,0.01485077,0.01437978,0.01425945,0.01422552,0.01317373,0.01300378,0.01287885,0.01248805,0.01248805
6,0.41785533,0.05735429,0.04423111,0.0428776 ,0.04011226,0.02995528,0.02768078,0.02619694,0.02122297,0.02064413,0.0203244 ,0.02027581,0.02027581,0.01971386,0.01887978,0.01846638,0.01846638,0.01846638,0.01821194,0.01798459,0.01746463,0.01621594,0.01607596,0.01560148,0.01544597
1,0.25509886,0.07516221,0.06755364,0.06755364,0.06755364,0.04771048,0.03985645,0.02915286,0.02821624,0.02650895,0.0229251 ,0.02291077,0.02100773,0.02065751,0.02031265,0.0202555 ,0.0198009 ,0.01947876,0.0193598 ,0.01889162,0.01864838,0.01842741,0.01801036,0.01755073,0.0173958 
1,0.21524017,0.0882747 ,0.07057397,0.07028872,0.06968407,0.05427544,0.04356869,0.03708302,0.03261656,0.03228679,0.02913572,0.0243005 ,0.02402022,0.02266598,0.02071412,0.02041769,0.01846901,0.01752126,0.01699901,0.01664828,0.01535787,0.01533929,0.01531677,0.0151048 ,0.01409737
6,0.4711668 ,0.11087285,0.0386448 ,0.03197251,0.02809083,0.02556663,0.02200978,0.01866883,0.0184907 ,0.01795712,0.01691195,0.01615737,0.01589516,0.0158004 ,0.01530991,0.0150261 ,0.0146933 ,0.01459813,0.01376104,0.01370202,0.01334006,0.01319633,0.01282214,0.01269932,0.01264593
1,0.24235094,0.04904771,0.04680836,0.04490399,0.04373955,0.04255962,0.03899065,0.03725406,0.03476217,0.03305702,0.03272004,0.03182022,0.03016896,0.02866086,0.02847491,0.02841645,0.0254382 ,0.0247814 ,0.02401398,0.02399384,0.02292315,0.02257476,0.02245108,0.02025202,0.01983606
1,0.12053573,0.08623335,0.06803482,0.05699753,0.05652308,0.05171039,0.049619  ,0.04878807,0.04009074,0.03300856,0.03198648,0.03198648,0.03198648,0.03198648,0.03107801,0.02873167,0.02797915,0.02790582,0.0226143 ,0.02159146,0.02055892,0.02030146,0.02003682,0.0199362 ,0.01977903
12,0.17413707,0.08970357,0.06178566,0.0495215 ,0.04072732,0.04028906,0.03901887,0.03593242,0.03519979,0.03464034,0.03247001,0.03142476,0.03084678,0.03002625,0.02759875,0.02719765,0.02717017,0.02532645,0.02525204,0.02506052,0.02473227,0.02375294,0.02319427,0.02290525,0.02208631
12,0.38116104,0.04857679,0.04594644,0.04430845,0.04282759,0.04275969,0.03390892,0.03334624,0.02849824,0.02577435,0.02366391,0.0223954 ,0.02140594,0.01934972,0.01929709,0.01912096,0.01910465,0.01843807,0.0173335 ,0.0173335 ,0.01572844,0.01493027,0.01493027,0.01493027,0.01493027
11,0.34530449,0.12315792,0.08297995,0.05840206,0.04864966,0.04167843,0.03026847,0.02732776,0.01952697,0.01942518,0.01856408,0.01675803,0.01648871,0.01617822,0.01531098,0.01353629,0.01319277,0.0128689 ,0.0123051 ,0.01228269,0.01190135,0.01185033,0.01138505,0.01044931,0.01020732
1,0.40450082,0.06974612,0.03466122,0.03448873,0.03017429,0.02933683,0.02848206,0.02848206,0.02848206,0.02767725,0.02267915,0.02264634,0.0225387 ,0.02183406,0.02171625,0.02122494,0.01884882,0.01856879,0.01787427,0.01724956,0.01718992,0.01646846,0.01557508,0.01500432,0.01454989
1,0.29436043,0.15061895,0.08621155,0.04972408,0.04642611,0.03695153,0.03324827,0.03041892,0.02341049,0.02120337,0.02052977,0.0204758 ,0.01910852,0.01738534,0.0173362 ,0.01683225,0.01585831,0.01433707,0.01280675,0.01240165,0.01236775,0.01208102,0.01206551,0.01204439,0.01179596
-1,0.29065836,0.05232032,0.05022718,0.04495277,0.04325546,0.04265712,0.04078886,0.03879716,0.03629001,0.03474896,0.02918714,0.02886287,0.02844479,0.02648505,0.02346211,0.02298852,0.0213449 ,0.02048084,0.02040309,0.02017462,0.017857  ,0.01757427,0.01672599,0.01612677,0.01518585
1,0.21008922,0.07703732,0.06909292,0.05572444,0.04314005,0.04056781,0.03908692,0.03819877,0.03641699,0.0309731 ,0.02994267,0.02822768,0.02700404,0.02683549,0.0251699 ,0.02481583,0.02479188,0.02466524,0.0230902 ,0.02232398,0.02138136,0.02127438,0.02034291,0.02031642,0.01949048
4,0.23045413,0.0654173 ,0.05920037,0.04709609,0.0413564 ,0.0392945 ,0.03823078,0.03525357,0.03470073,0.03076759,0.02957455,0.02889966,0.0288888 ,0.02806069,0.02711726,0.02710717,0.02625317,0.02604889,0.0244492 ,0.02363427,0.02192736,0.02186889,0.02155278,0.02142701,0.02141883
2,0.08450151,0.06276139,0.06238787,0.06223504,0.0528153 ,0.05101825,0.04779614,0.04364623,0.0417882 ,0.04150651,0.03843339,0.0362944 ,0.03608943,0.03566365,0.0334346 ,0.03289312,0.02911452,0.02847332,0.02807819,0.02730863,0.02730635,0.02542602,0.02428641,0.02353284,0.02320869
3,0.30931368,0.0732768 ,0.06944486,0.06752686,0.05713597,0.03269927,0.02952283,0.02908134,0.02871204,0.02666607,0.02606756,0.02318574,0.02173364,0.02169129,0.02119427,0.01897905,0.01836537,0.0163827 ,0.01614857,0.01599429,0.01597402,0.01596975,0.01513539,0.01501949,0.01477915
14,0.34546609,0.07923517,0.05203773,0.0364351 ,0.03364333,0.03294287,0.03229468,0.03121499,0.02797485,0.02794434,0.02500404,0.02485362,0.02270442,0.02192821,0.02186966,0.02104736,0.02095884,0.01897005,0.018807  ,0.01843619,0.01831051,0.01806698,0.01688201,0.01667885,0.01629311
1,0.38201167,0.04645808,0.04285466,0.041216  ,0.0383818 ,0.03156955,0.0295412 ,0.02803675,0.02777689,0.0265451 ,0.0254876 ,0.02514069,0.02461091,0.02434532,0.02401257,0.0222919 ,0.02125231,0.01918307,0.01819219,0.01736767,0.01704943,0.01694086,0.01683486,0.01648167,0.01641726
14,0.26037617,0.0778774 ,0.06193544,0.05247712,0.05137283,0.04582649,0.04332   ,0.039774  ,0.03733188,0.03488982,0.03361741,0.03094057,0.02657017,0.02437267,0.02364165,0.02305034,0.01817297,0.01801018,0.01582053,0.01560226,0.01435741,0.01424941,0.01246856,0.01199211,0.01195262
1,0.27764648,0.08274592,0.0752254 ,0.06194015,0.05207101,0.03893725,0.03725435,0.03664584,0.03486206,0.02989891,0.02692881,0.02533599,0.02483623,0.0218772 ,0.02028743,0.0199326 ,0.01968225,0.01898053,0.01618997,0.01579622,0.01579622,0.01510987,0.01121696,0.01040118,0.01040118
2,0.48010418,0.05485457,0.05330735,0.05311246,0.04584395,0.0205235 ,0.02023094,0.02014217,0.01990231,0.01701264,0.01675143,0.01664075,0.01611344,0.01567154,0.01563743,0.01520426,0.01465593,0.01443812,0.01376651,0.01352677,0.01337771,0.0132358 ,0.0123996 ,0.01178287,0.01176377
7,0.19610056,0.07597195,0.06648799,0.05436504,0.04511194,0.04296084,0.0427222 ,0.03995937,0.03430892,0.0324579 ,0.03074195,0.03029456,0.0295503 ,0.0262864 ,0.02606415,0.02534482,0.02474695,0.0234388 ,0.02337672,0.02332534,0.02217811,0.02171662,0.02135232,0.02105999,0.02007627
5,0.2881476 ,0.15620058,0.11803819,0.10438486,0.02493723,0.02304796,0.02185601,0.02179135,0.01948683,0.01924708,0.01792744,0.01751624,0.01680679,0.01654927,0.01621789,0.01541675,0.01432537,0.01271112,0.01231572,0.01193457,0.01119117,0.01026151,0.01015125,0.00977724,0.00975998
24,0.33446872,0.07988725,0.03976505,0.03949731,0.03862587,0.03489318,0.03306678,0.03232879,0.03048567,0.02853835,0.02808458,0.02734947,0.02618   ,0.0261385 ,0.02274248,0.0223629 ,0.02074556,0.01912161,0.01796432,0.01727777,0.01642129,0.01619608,0.01612581,0.01593787,0.01579476
7,0.3197155 ,0.08088392,0.06026782,0.05002669,0.04977904,0.04324269,0.03457124,0.03444528,0.03018998,0.02572308,0.02205227,0.02165822,0.0211148 ,0.02072901,0.0203343 ,0.01984716,0.0183314 ,0.01824733,0.01626617,0.01599018,0.01569581,0.01549952,0.01540548,0.01522381,0.01475932
2,0.09838217,0.06893552,0.06446346,0.05724295,0.0544949 ,0.05160671,0.05026245,0.04952549,0.04758415,0.04308464,0.04094984,0.03925349,0.0383999 ,0.0367241 ,0.03603538,0.02911676,0.02642167,0.02607467,0.02565697,0.02302547,0.02270425,0.017916  ,0.01785574,0.01714949,0.01713381
1,0.40208061,0.10083339,0.05664036,0.05199867,0.05071626,0.04356259,0.03537255,0.0247352 ,0.02323347,0.02285765,0.02130574,0.01775423,0.01479739,0.01442157,0.01442157,0.01357688,0.01237904,0.01065287,0.01065287,0.01065287,0.01065287,0.01007767,0.00913515,0.00881528,0.00867322
3,0.54653478,0.03330638,0.03093849,0.0302426 ,0.02752363,0.026266  ,0.02349631,0.021197  ,0.02043253,0.01754929,0.01754929,0.01665319,0.01665319,0.0151213 ,0.0151213 ,0.0151213 ,0.0151213 ,0.0151213 ,0.0151213 ,0.0151213 ,0.01406784,0.01393047,0.01304312,0.01241024,0.01235655
1,0.32345885,0.05018171,0.04036304,0.03868515,0.03674856,0.03614359,0.03599468,0.0357927 ,0.03337417,0.03219527,0.02755206,0.02755206,0.02755206,0.02510897,0.02472191,0.02409573,0.02248064,0.02130174,0.02089282,0.0202885 ,0.01913417,0.01909541,0.01909541,0.01909541,0.01909541
15,0.22203454,0.06501927,0.06017771,0.05701533,0.05355282,0.05060589,0.04351926,0.04207943,0.03073177,0.02898302,0.0287552 ,0.02860246,0.0277441 ,0.02721966,0.02540021,0.0251381 ,0.0249708 ,0.02411314,0.02054021,0.01999442,0.01939322,0.01938239,0.01901414,0.01868084,0.01733209
4,0.38777296,0.08483568,0.06130582,0.04136077,0.03327903,0.03012597,0.02936555,0.02525358,0.02516168,0.02375575,0.0236818 ,0.02222264,0.02064671,0.02023425,0.02007954,0.01911   ,0.01725068,0.01559773,0.01542626,0.01529818,0.01487288,0.01441607,0.01356781,0.01297057,0.01240806
3,0.36973327,0.12330697,0.05834272,0.04242331,0.03233613,0.02286981,0.02269584,0.02213817,0.02113795,0.02082279,0.02037213,0.01891409,0.01887842,0.01857108,0.01832068,0.01818198,0.01799548,0.01765327,0.01704701,0.0169474 ,0.01677853,0.01653816,0.01646694,0.01610933,0.01541855
11,0.38136581,0.04191364,0.04094292,0.04017387,0.03574178,0.03451383,0.03222515,0.03217804,0.0314676 ,0.02968821,0.02692511,0.02288836,0.02208775,0.02144584,0.02127514,0.0209184 ,0.02039702,0.01941073,0.01875326,0.0184416 ,0.01798035,0.01755345,0.01747462,0.01728074,0.01695679
1,0.23455978,0.13613329,0.07117125,0.04840876,0.04730177,0.03950015,0.03467302,0.03467302,0.03467302,0.03467302,0.03054253,0.0261409 ,0.02166531,0.01893978,0.01807314,0.01804071,0.01793314,0.01768934,0.01766398,0.01688406,0.01675391,0.01600597,0.01600597,0.01600597,0.01588818
1,0.30500703,0.05962724,0.05778593,0.05696723,0.05132986,0.04410064,0.03333845,0.03257428,0.03156829,0.02878102,0.02861642,0.02672948,0.02665538,0.02530056,0.02309238,0.02168311,0.0205335 ,0.0194988 ,0.01821108,0.01585628,0.01480198,0.01469566,0.01465953,0.01456263,0.01402322
1,0.34805485,0.05749456,0.05635708,0.04051372,0.04016299,0.03837547,0.03576703,0.03202005,0.03088333,0.02911654,0.0256984 ,0.02362328,0.02318642,0.02316886,0.02225218,0.02000838,0.0199171 ,0.01987513,0.01855859,0.01779014,0.01594712,0.01591755,0.01591755,0.01479309,0.0146006 
2,0.33909915,0.05809944,0.05741566,0.04399955,0.03795573,0.03426927,0.03422458,0.02925401,0.02580592,0.02544884,0.02454587,0.02403448,0.02375787,0.02369887,0.02347872,0.02183704,0.02150071,0.02131527,0.02110426,0.01959438,0.01928333,0.01792325,0.0178154 ,0.01763265,0.01690574
2,0.09061434,0.06895062,0.06555002,0.05998534,0.05582253,0.05298553,0.05076179,0.04511007,0.04448653,0.0438624 ,0.0385867 ,0.0354359 ,0.0346206 ,0.03405809,0.03188311,0.03133407,0.03088797,0.02468049,0.02448899,0.02364768,0.0236422 ,0.02359298,0.02200253,0.02195461,0.02105493
5,0.25983445,0.08120894,0.05007353,0.04353341,0.04050259,0.0390589 ,0.03379638,0.03338247,0.03315257,0.03025468,0.0301454 ,0.02940569,0.02796769,0.02730038,0.02460024,0.02418571,0.02407207,0.02188472,0.02149978,0.0212764 ,0.02118416,0.02101843,0.02045356,0.02022619,0.01998165
1,0.30026796,0.08178568,0.05488036,0.05317972,0.04419747,0.04205487,0.03460407,0.03350784,0.03249421,0.02812801,0.02767778,0.02584622,0.02475868,0.02171769,0.02054412,0.01909439,0.01892557,0.01872913,0.01871811,0.018129  ,0.01708976,0.01618046,0.01605855,0.01600792,0.01542242
2,0.47827255,0.05025799,0.03942221,0.03551302,0.03280325,0.03104347,0.03040009,0.0272889 ,0.02345212,0.02212104,0.02155873,0.02080195,0.0194237 ,0.01627595,0.01618516,0.01546175,0.01437594,0.01421479,0.01339232,0.01329474,0.01322938,0.01318338,0.0129651 ,0.01261851,0.01244398
1,0.31636973,0.0636435 ,0.04815828,0.04610375,0.04322742,0.04250449,0.03593909,0.02983168,0.02974107,0.02839652,0.02801542,0.02758185,0.02351126,0.02332079,0.02288684,0.02168144,0.02156251,0.0203223 ,0.01946616,0.01943524,0.01912609,0.01875679,0.01772021,0.01671235,0.01598522
